Path found! Length = 30

Traversed cells: 55
Path cells: 31

Path (row, col):
(1, 1)
(1, 2)
(1, 3)
(1, 4)
(1, 5)
(1, 6)
(1, 7)
(1, 8)
(1, 9)
(1, 10)
(1, 11)
(1, 12)
(1, 13)
(1, 14)
(1, 15)
(1, 16)
(1, 17)
(2, 17)
(3, 17)
(3, 18)
(3, 19)
(4, 19)
(5, 19)
(5, 18)
(5, 17)
(6, 17)
(7, 17)
(8, 17)
(9, 17)
(9, 18)
(9, 19)

All traversed cells:
(1, 1)
(2, 1)
(1, 2)
(3, 1)
(1, 3)
(1, 4)
(1, 5)
(1, 6)
(1, 7)
(1, 8)
(1, 9)
(1, 10)
(1, 11)
(1, 12)
(1, 13)
(2, 13)
(1, 14)
(3, 13)
(1, 15)
(3, 12)
(1, 16)
(3, 11)
(1, 17)
(3, 10)
(2, 17)
(3, 9)
(3, 17)
(3, 8)
(3, 18)
(3, 7)
(3, 19)
(4, 7)
(2, 19)
(4, 19)
(5, 7)
(1, 19)
(5, 19)
(5, 6)
(5, 18)
(5, 5)
(5, 17)
(4, 5)
(6, 17)
(3, 5)
(7, 17)
(3, 4)
(8, 17)
(3, 3)
(9, 17)
(4, 3)
(9, 16)
(9, 18)
(5, 3)
(9, 15)
(9, 19)

Maze with path ('.' marks path):
111111111111111111111
1S................101
10111111111110111.101
10100010000000101...1
1110101011111110111.1
10001000100010001...1
10111111101110101.111
10000010001000101.101
10111010111011111.101
10001000100000000..E1
111111111111111111111

Execution Time: 0.00200 seconds
Approx Memory Used: 3.80469 KB
